-0,65505954456313087 0,65833989998502451 -2,3148783982521954 -1,5872096819120842 1,9212016027055363
1,8051563444641001 2,1828047650988185 5,7761401902944698 2,9150292003790934 2,4136896106152941
3,4487493380975165 -0,35706273569093216 0,17936293965682226 -1,1743562542635235 0,66058324401721391
0,42451852360911235 -0,53366818212145062 1,5621811250932685 0,86299580018281064 1,1509352129823691
0,30639109584917334 -2,3992069530830804 -2,7559735749287095 1,1318544333594036 2,4811170639934974
-0,92112415870669606 1,5037596104537991 1,7538847516239064 -1,1578164641063742 2,8392990468486685
3,3095158533010416 1,5130294373009319 5,5483020492444446 -1,7975198466524733 1,3087858969239066
-1,0448822691430597 0,043478509296538848 2,0226627814661402 1,9204722405963559 1,946488562241413
0,79163442953495233 0,11635261920802731 -2,5155638860568033 3,782052410735004 -1,6078406321320613
-0,54649664736407533 -1,4060479132895032 -0,057095923534330462 0,44029390058393514 -1,4432170179848138
0,44756168769748694 3,0229447483976974 2,5542967095733751 3,4699450686567146 1,0382519365301224
-1,7913603486985799 0,55674554895271955 2,8314641414471202 1,2569914296807703 2,8275581998185118
1,5573931335547793 1,2565204857083137 0,32400362039919128 1,8915185323948234 5,1148888645438086
1,3797279288157165 0,18637210220761702 3,9522822232656076 0,11706041386431587 -0,2042612770577521
-2,3736968727132397 2,6091306817677524 0,068462166321287876 -3,5972326384623363 2,0282173218010353
3,2872115945768114 -2,2194150476948318 -0,67139400825381235 0,81831587536760841 1,1962534008467853
3,3999769318606812 2,3567046842872745 -0,58335473241340496 -0,22467983669816838 3,106296895097695
-1,7682361036057976 -1,7177556825702256 2,6003969033555911 1,3832203273179711 1,4464706912144827
-2,8874045859588833 -1,4528154526685566 -0,5111976022854372 1,6746080614685139 5,1153036220025143
1,3570355522760393 0,48524096524113813 0,80364417759383378 0,41311231718159702 3,1214461804035816
-0,23473820848736149 -1,470711257190203 0,17351796992070001 0,042324744722872731 0,50539713380616325
0,94987615737943121 3,2165552881013171 2,777254818946163 2,0166469366467035 0,69948789371576803
-1,1428926741353007 -1,8540748377591276 -0,64623928441912648 -0,13437797250781425 -0,0035250925765439867
3,7269493144261774 2,3988521814763804 1,2962479590434666 1,3616414631377838 1,0756798432761947
2,2510942599802304 2,479895511631347 0,30041538839584481 2,275307956436226 3,4856343354538111
3,3771929245195773 -1,8177188381920049 6,2575553739584562 0,50554681280498048 -0,70768138558782812
1,7517711767027162 4,0470471229552913 3,7847258341100845 2,3926739216382042 3,1216495021595883
2,062284455733864 -1,5654580175518982 3,9566493052627099 0,65162300785829153 2,6643908144643982
-0,011440995036652524 -0,11509862459505005 0,90197948626577973 0,63816960361593933 -0,41547872257429663
1,9793172427989749 5,2862443810226303 0,25121619043778076 3,1539034572118263 2,812107512019864
-1,2654718881141194 4,1828959578245906 2,3703526520560256 2,0355878828713769 2,8329845293994462
3,8490625079396343 -1,6623539682963093 -1,6281438838656261 -0,087203766745320044 4,8710983867935962
0,39967724024793949 1,7581450652282773 0,47396222932070908 1,9689861002996558 0,064277085844448578
-3,1601500823367843 -0,11084979294195096 -1,6130410693431974 1,1421882351201027 -1,8189915353402735
-0,80027886129035086 1,8581943818679119 1,1910529255161626 0,34568603401226039 -0,9846182074524874
-0,7974002435307872 3,5854089948972545 3,3008106072115617 -0,47519944261681091 2,2094778064445943
0,9897968482682068 2,4587347682354466 1,5252447607343407 0,33736872028593934 3,2698980544734604
-0,12076581100508421 0,60357303483951996 1,1662957757040615 1,9608575656597353 4,6361379482692922
-1,033219883216125 0,92831920694134995 -1,1637409207728457 -1,2064111983760677 -1,3417634341138371
-0,7453248701471864 2,0881901742712148 -1,2871587518592396 1,7655164233622724 3,317334150602044
2,8853129653426151 2,9347603818513162 0,82494505359333403 1,8111355911230627 2,8874678159681157
3,0308215419809921 2,5398093296759683 2,0537899359574574 1,8656039051512121 0,13062656576244835
0,37998411878121285 2,8573176774849016 2,9433642161387183 2,3289659865100818 0,96331173864147357
0,034628111807583739 0,43469627637997088 1,8978991834492622 1,696393581053353 5,896266877862387
2,2348917049209547 3,2198284404026496 4,1100292908289582 -3,2528604471964844 -0,31847082817518668
-1,0891110321301398 0,80079150313642522 1,7662942177691447 2,2158502311279622 2,2694668463463668
2,8529330536230519 1,3978345092157638 0,50502830759722372 2,8555379908288239 0,24084284931519873
0,21642737417842384 -1,2858549871717404 4,1250274781855056 4,8971988661032491 -0,033009146034642445
0,014529299547148655 3,8715399585092958 1,7225230028899257 -1,8508521343163702 4,7149153670074755
4,3132566064521232 2,8113080580034451 5,1850748264168018 3,9862864002826623 1,2523507638057152
1,5332537180969283 -0,94681956746155738 4,5024126269577156 -0,048323800755693869 1,8717998390077935
0,17856638024723848 -1,4637217061664347 -3,0451524687705334 1,1311825767302204 -0,73205619738754835
1,1850201991417713 3,7781184222296869 0,15949755204612315 -1,3613375300582402 1,8271414703756914
0,079941270980570245 1,3866398338025627 -3,2576931117429018 -0,34847758058932876 -1,6686879972934481
1,0763698336920318 -1,3867133388533852 -0,94771231537166178 1,7006643360357057 -1,5116867753514787
0,88674644307432493 3,2574911676125216 2,5567474414161833 -0,36119094736112967 1,5004361973043725
2,6376385758819669 1,4219723678410949 0,62678238558378374 -2,3124531975471565 -0,00081216098116154711
1,5508522288418254 2,2043300576646851 2,7227579754834625 2,8538779787346442 2,9637572096551041
0,5486552100993719 0,46485160728762043 -0,53587164514635699 0,090340547885200406 -0,4073118769302857
-1,3164079578036012 -0,30681151271659513 2,1117695122814353 2,5685678793490885 3,1479733107607659
-0,52285680112406219 2,3690771535959882 0,66004028269121373 -1,3606268513871385 0,75528643878605028
3,7483988419991334 1,7864212857517483 0,56400730910482377 1,2726161068495838 -0,16080466644600278
4,2587373677999132 3,4701773808523146 3,1567968155435424 2,7538681492003958 0,38921067590059433
-0,91119181898311918 -0,7708567310357286 -0,73888802355746708 -1,4257204797127345 4,4853832982344901
3,5450179846336747 4,4003269816041568 0,1697682698941928 1,6567647261749028 2,5434313629985033
-1,4291766587946237 2,6975075106724038 4,3863439223302567 0,3096175455451704 3,3116284286202653
-1,7225049078389665 2,7428852512751654 5,0971992833389663 -1,4174410683880305 3,9644293439792126
2,4220877379476273 -2,0677961623907182 3,1610397616226291 2,8045009492839741 5,2179034768715669
-0,26336826956606885 3,01159150430352 0,28559635972334507 6,5825920242409097 3,4095783223870368
1,4671131591442179 3,9633601342519333 -3,8552444004598581 -0,32513864354024014 1,8314191353829781
2,1062698080525051 -1,1604845913265533 -1,1444981219879899 3,3079644184145471 0,42223933065722341
-1,0043119720585238 5,0069300351694661 -0,035642676201744994 0,75880519044106021 3,5447409327131258
-0,32229865987195572 1,7249968582646678 1,0234312136611565 1,3503052970640035 -1,7851786902015734
0,52632614304438907 -1,5050996866089608 0,5873434593172272 1,8065868576646607 2,8089101222930752
-1,0346205190770128 2,9210683984824688 -0,90470179228002889 0,76830188725554538 3,6678992662249637
0,96399135211037468 2,5898025044883894 5,9528915224877315 -1,411300331496812 1,102459661647319
1,5403814609663344 2,9370530768122793 -1,9100417988448828 2,2466516933055676 0,34000430829426975
-0,68136637093712782 -2,9522875665164481 3,9145419628590923 1,9623322432142425 -1,1039001104021771
1,3696537324275324 0,072325928029246311 4,0640433902196769 1,3088151198381985 0,25964987371074633
1,6899792375151539 2,1467449498852353 2,8143972720458064 1,9533073391077482 -1,9048122346621237
0,45507289246844729 2,506309982653903 -2,3330262319068433 -0,24367083449972538 1,2760128447506007
-2,9168230888222269 -1,5091462002305249 0,599202459243386 1,9282742856284498 -0,48849500179553207
2,7911143963136453 1,8332372155993464 0,30263774088746476 4,489203425683681 2,9273207570346544
1,788530546994787 0,57816352306204222 2,0579062252172111 4,3641123238720834 -0,81645190956129299
0,10099743423664154 1,4417131924776689 3,4306843443903476 0,30878398435305143 0,69928091417290328
2,4631003630394206 0,26033169399662015 -1,0805058075234024 1,5947931921524359 2,9277571784155132
2,1774514136920855 -1,3445854549267913 4,0985751408943472 0,65065920132894961 -0,031510613464199588
1,5850729671758814 2,621981000814912 3,8694591151880844 1,6699403533992943 -0,048071639159718238
0,13659587046736132 -2,1406669394714846 -1,8660700744709451 2,6556240018688126 3,7678668789824625
1,3095589790232363 1,6634060841640523 1,9927526232413448 1,2668700906314327 1,2226127573487269
-0,25343141438156036 0,0067314964418361267 -1,2992059891844083 0,56175100762871255 7,5957080203415561
-1,6304908644848011 1,8423004702426968 3,1218554787766806 4,3129359325197214 1,0229127399432576
1,2950753509854189 2,1236076598502707 2,1700569296770533 -1,8715123987882185 0,36982017934008637
-0,84751161370949712 1,0320421697819255 0,36483098487089594 -0,83306347412010728 2,4034958727901028
1,973297272424396 2,7237104452230039 0,60650759440694413 1,5339640807783865 2,4603013033182251
0,98073063596999854 1,0006593750937021 -0,29579060994764883 3,0862015961823861 1,9510195589645845
1,4376432184094814 3,0558901721421035 -1,7330372049496421 0,38146566710760077 1,5177103805420398
-0,55981524028325347 0,44726764822968212 -0,94254403048244839 1,0955420342708022 1,7564217402369537
0,91805142084023217 -2,6129726861270823 0,25948831196954125 -0,6544399989427987 2,0529117281460283
0,70674829308704901 0,4769559695895832 5,4922119882539029 -0,35261103180238318 2,621562181970186
